ST1_f1: 0.288320355951
ST1_precision: 0.289673670094
ST1_recall: 0.286979627989
ST2_f1: 0.46329787234
ST2_precision: 0.509654768871
ST2_recall: 0.424670892248
ST3_f1: 0.356655290102
ST3_precision: 0.427986348123
ST3_recall: 0.305704534373
